100 numbers:
96 40 15 2 65 36 17 28 47 69 5 68 80 21 7 58 10 42 51 88 49 84 67 39 98 14 44 76 78 9 1 55 57 12 46 4 43 86 82 71 60 52 70 64 56 25 87 92 16 37 30 99 45 26 20 50 61 23 79 8 94 72 53 91 11 41 24 48 32 66 89 3 54 34 19 31 90 95 6 35 73 77 33 29 81 62 27 0 93 18 97 75 22 13 38 63 59 83 74 85

19 4 99 11 87 98 0 34 5 44 62 45 17 27 60 94 28 18 52 20 26 25 71 72 75 76 51 8 30 84 48 63 80 95 2 37 9 38 29 36 83 68 59 33 24 56 53 46 10 82 65 91 6 89 35 96 88 67 13 97 61 54 15 16 92 74 22 58 73 31 14 1 49 42 32 77 39 41 78 64 86 66 23 70 50 79 7 90 57 47 69 40 43 81 93 55 3 12 85 21

48 68 29 77 21 88 94 59 20 84 60 23 85 64 26 47 54 14 62 53 66 17 90 70 56 25 31 92 80 1 41 69 43 73 2 7 76 97 39 4 46 13 96 38 50 28 86 36 44 71 95 19 42 45 0 81 98 27 40 10 93 79 61 99 22 75 16 67 8 12 55 83 37 18 35 82 65 89 51 32 72 6 63 30 5 15 3 87 49 91 74 34 57 78 52 9 33 11 24 58

-1303811534 -1054954070 511233157 1920927875 1985151634 -1193747373 455108569 -1969982834 378385244 1742432648 -2144868910 -897107352 1104569639 366191824 -1199171531 930562062 1694667657 -1050224779 -1425170153 -84331304 2145513012 2523952 -458566073 1978638754 1637920313 -1500370678 -1613671810 1165273685 -1498013958 1349504938 -944387034 489465590 -1039069592 1443318669 -609625871 2132940697 -304976009 -75009543 1035852106 -1723540532 -721308438 1600618402 -1443246837 -837451224 299731700 1806138033 -850092101 92241025 1837340675 764705579 193005888 -1353087269 -954240410 1408676383 -960677872 2136784063 -1446459967 1561531237 867135372 -794160669 1091545760 1811656090 1263635079 1637319011 1024577002 1764827108 962471231 -1470433078 -2077896266 -865268037 -402296908 -1892900676 -839620791 1877946700 -383194141 -2086388923 1679637037 -130608338 -77054101 -780895326 -1689440809 2041226413 -681277390 -1919560936 1497892078 -1520270055 -2009976785 -1455474665 -1743135098 -1256482570 404726742 1546020063 -95966333 1581887275 -902998272 -31283763 -1961490678 2084780763 -132258718 1829644764

1976565059 1782823047 1760779505 737864856 1956017525 -1538819773 1928734355 1587801164 -295334852 -1361434207 134479445 -1956272811 1708024273 -1516207692 107984253 2020507375 -1623623589 713982643 -1228201164 92705443 -330344089 -1551952474 111785956 -1969067566 -1103073492 1209535386 -294618459 -373440569 -999541178 -2077816463 -664543918 -2106476895 707424520 2011565680 1293959818 -275504455 1946095458 2137690199 137499625 1216774559 37093415 -1850411131 -270871921 -1435364731 1485247188 -729225614 1499323728 578170304 526221120 712404210 309418187 -405708828 1999285015 -12814418 -213619764 -460993566 -1414101074 -527619148 46248609 -136401413 1376398244 -1695206794 -1351291488 -156118701 530913849 733852194 295968729 -502332110 -1391437315 -52472611 1251384456 -1779162970 35040410 -988977222 1212824664 473725316 -834031675 -1344230831 -1150376278 1040604256 1646319489 -1357868431 -86379206 -978702881 997828466 -460318112 382723119 -1273975652 1787590870 -706020238 -1977474610 1306231454 717909948 -322553430 146582124 1878774454 1632969904 -291130437 -1922936963 641665237

500 numbers:
441 49 3 492 302 123 189 180 290 458 225 364 141 471 485 124 434 333 293 104 360 408 78 331 237 92 199 234 428 391 271 499 153 8 482 34 152 294 67 461 378 195 393 196 128 101 212 36 169 241 48 251 309 170 76 181 268 235 229 187 51 146 114 372 463 457 432 497 284 412 29 162 242 142 40 10 13 166 254 243 200 316 270 399 164 419 342 379 303 291 11 371 147 69 247 115 480 416 490 448 453 109 306 113 468 133 179 202 134 111 410 375 165 232 154 96 64 479 334 12 116 322 63 93 249 231 326 42 277 465 149 272 70 65 374 362 447 475 300 230 62 260 106 54 330 191 336 451 261 178 228 227 250 340 307 317 489 223 6 359 324 301 68 176 491 305 486 203 397 53 429 320 112 9 338 220 426 221 37 244 90 218 119 74 389 297 384 298 354 341 194 216 315 38 57 41 314 337 466 59 46 246 73 276 110 17 25 258 394 459 174 5 82 407 377 88 168 279 192 381 238 403 424 464 21 476 278 368 283 262 80 87 353 264 263 443 350 310 24 355 425 406 358 344 145 131 323 313 380 185 135 157 454 205 452 488 478 411 23 288 474 211 449 66 296 462 321 172 186 388 120 138 77 352 98 312 47 204 349 158 469 402 376 125 414 248 35 396 226 345 274 143 281 435 50 318 483 467 209 473 484 417 215 460 423 91 445 86 266 95 222 472 245 363 427 61 405 97 161 33 409 167 421 75 273 102 7 159 193 369 140 150 201 285 182 280 304 15 19 144 20 45 129 470 292 207 498 183 259 233 346 72 213 56 236 184 58 16 401 390 442 477 31 494 0 198 257 455 450 361 177 287 275 299 269 481 329 22 395 83 415 28 2 214 1 348 171 365 493 60 436 253 357 89 18 440 55 175 239 398 456 240 126 173 356 335 400 431 366 308 44 127 85 373 84 383 439 339 197 487 81 190 438 136 217 160 139 71 137 387 495 295 121 224 32 107 289 496 26 343 4 325 311 156 52 118 367 319 265 79 255 433 332 210 252 208 418 422 94 122 437 188 43 382 99 392 446 219 108 347 155 163 256 444 132 151 267 117 148 351 286 206 14 30 130 386 370 327 385 103 100 39 105 328 413 282 430 27 420 404

127 347 321 233 181 140 186 100 138 78 448 453 381 106 441 282 217 115 336 397 116 255 147 293 137 164 203 174 209 79 353 389 37 357 464 314 295 322 426 438 235 350 40 96 363 458 87 308 445 85 83 24 118 294 95 154 182 112 52 86 395 400 230 463 349 379 364 62 123 163 299 407 468 499 342 133 259 375 117 490 102 212 27 144 145 191 243 215 5 440 226 213 339 124 150 125 449 402 305 380 68 306 159 33 120 286 71 472 77 300 268 53 432 19 110 359 206 54 439 0 408 11 315 55 67 170 280 345 304 446 190 433 36 360 16 371 498 423 409 431 156 489 262 73 223 427 356 232 196 57 142 129 340 218 281 338 14 368 279 478 210 404 171 419 457 328 208 97 497 76 385 273 284 141 382 326 352 270 204 111 188 373 99 456 139 1 72 454 214 48 361 465 250 70 43 236 199 401 30 462 80 211 334 15 367 104 337 471 422 17 377 436 297 285 276 228 251 354 421 331 63 398 152 237 58 487 153 42 135 175 45 169 418 178 416 351 372 20 258 50 444 205 317 355 134 13 492 319 155 318 307 303 220 473 287 495 157 32 391 132 374 452 399 195 189 369 238 64 22 396 482 267 292 224 390 264 35 494 241 165 365 477 366 38 166 56 467 6 65 74 179 387 358 90 493 3 311 89 480 252 176 313 158 346 378 298 263 149 122 302 332 275 405 4 49 246 172 260 261 143 316 231 254 370 183 162 7 167 98 410 265 177 146 130 227 202 417 51 242 69 31 394 324 428 466 184 12 388 335 469 320 151 161 88 108 216 341 200 198 330 283 277 291 256 81 93 92 173 414 59 244 327 66 470 18 248 290 257 114 383 443 485 197 460 312 278 180 29 245 451 435 91 168 296 329 82 148 420 461 348 105 483 160 47 75 128 46 386 403 21 136 459 309 121 455 496 2 412 103 484 240 193 491 269 475 476 481 384 126 425 194 288 44 437 392 60 23 192 274 429 26 207 61 430 249 376 310 94 271 225 39 34 406 8 119 201 25 411 479 131 344 84 272 234 9 325 229 10 323 343 415 185 413 221 28 474 253 450 107 219 187 447 488 434 266 362 113 424 239 301 101 41 393 247 442 333 222 109 289 486

1153059133 -239040648 -456702703 310350041 -756027616 -767267221 -2053241289 416487463 1269675956 -1343387555 122269992 -1415089999 -1108153029 1552576531 737827019 1534668091 251689848 747457305 -2047059976 -885177266 -1705254326 -1857803823 -1640493571 -1947673436 -594006129 -1635642769 1452582566 -707588487 -447029983 524998187 1668033803 1714128160 1822323835 44093731 -1208955363 1172573851 2063527598 -1557325194 -458563280 1789046489 289551511 -1627732042 1607524623 -1743487371 1422979905 -1284198619 979552951 1259631913 1129059717 -2086230956 -1667977410 -242727090 -988726623 -1306806382 -196984413 -94423288 -790034553 -1161047304 148068853 -25000463 -1902431886 1990947053 -1163987598 -1394678460 -1555441866 702075117 -218474302 -616775244 -572332713 315942010 321135317 -910597586 753847096 1942453801 1169347071 -1220463303 -121119143 1328756520 -1398673226 2134459026 -1213938646 -1526470028 -663469792 -1483774186 1179072631 744062515 -2033482918 1168306363 -632958652 -1579864982 -676530857 1984701801 -2062759948 -969256600 2113041866 1225115712 -1835256732 1196888524 -380473449 -308474952 -1717011289 1712475700 174373239 -315176649 -816154335 -1582473043 -1261819891 1992142070 1027698261 -633064275 -1856212432 -64014818 -1502379765 -1985838600 2002444869 -1721882201 214881258 1457647836 960724591 -422097857 -1082377323 -2125193619 -119166173 1233612825 -1413433900 -1971550171 2043485419 1849021037 -1520279977 302683946 507370665 -179344023 -1985991539 -1278125708 1579018320 1446446028 -1072146454 1697798228 716000194 -1211649942 -1675552644 -1786095175 866046201 -251536569 1932648479 -450694219 -1117766562 1156289070 257331191 -2103092791 1040067092 815973205 381748675 -1276823421 1440851656 1596945443 -100230274 767959541 -505058302 -1000299637 -1754235587 533373927 -1640123316 -2101768393 908145581 243579618 -617477043 1448118197 -322827789 2046480057 1117870695 865160077 750205343 -1601009709 1132153001 1896964596 1510270317 -1035511976 1528811798 -555309524 -1207946131 -1342754862 1516710696 -711746752 213230943 -2041117305 -152461626 361384011 -519451568 385887721 -1520435325 -1425285800 -1372181390 -839365706 -652890267 -648378315 -78984737 795296675 1943822295 795072382 -1632536297 682099461 -1044353995 1650512238 156804075 -1114739238 375054087 -1266706832 1152086006 357310215 -1427443927 759212366 -1047644239 -308396000 499770914 -174722020 1897287008 1365787895 859811126 -401897331 1445333064 732875284 128989063 -1632078576 1183214180 -1718325700 1843071995 -616010977 -534257049 1533319404 -1147139713 1232716368 543145902 1069406549 324498007 1015869450 2048420455 -2058877333 -1068250479 592132335 -229078614 -1794359691 -1441900101 -1472443820 -198693489 272740654 1352633516 2086120958 -1928700380 -1468069633 931598281 1038137424 1039382604 -1002179094 747595954 -288787291 108662910 -951744266 1259291517 -1270575774 1846427312 -2128319664 1151998431 -2080109560 289648973 -1949316634 -530499351 1421784321 -1089257435 -485768311 613861157 1220135321 1500426971 1056819566 2139351819 -1276913735 -2121562260 2009195876 -518736682 -850949621 -1184202110 -1919899705 -1028388536 -82176765 1350948318 2075823860 674809268 -384836403 -1608642105 -903351905 1564089071 1686553203 1788810490 -1974880733 1735581351 -947025274 618081588 -512444212 -2033648173 2141318565 435896985 668250239 1329648063 1837221098 1612442455 135782940 -883543547 1814245031 1831483413 -495847490 129450020 -379309589 -1796234856 -1837952507 -1837554646 -144151879 1619125180 22231775 963642512 -1859252516 -2029098633 1743235280 1960721852 -1734471044 1779769389 125463243 241227720 -1598618018 399390178 -1248036231 1796789670 2077492003 -1326309568 2028087035 -1289359099 400387 -1608773459 1569600121 -2005483525 -56812291 -847913968 1057193015 1463090103 -824011127 156118562 1606101896 -1609513574 2030206931 -1539797919 1396208158 643033115 -222867940 2008988660 1562593972 -571363006 1838795330 -1249805719 863181306 1079915482 -242656073 920007232 380260098 -1934752844 557195563 -914223145 1403069879 552737881 1784371875 -44672072 532042256 -2038495780 -1622850725 815983724 1275284360 1347785727 1205268157 -418450442 423716154 -862692892 -1769678287 611597187 -2056468942 1521391037 -1956401933 -320534619 1759740939 788383605 -1867192320 1152053949 1955155434 1158691863 -1320709220 1626866279 1073551644 1901276096 -1944261169 1497349500 2047861426 -401040441 -1888678378 384581358 -2086089457 1069189193 -1861457797 861419945 485411271 626843389 2007728413 -1618468227 -1072813802 -1115619728 582882882 -651921021 1627276873 640298726 -913385948 -806948116 -735658656 -1908365940 182239255 -1421054926 -391316647 383576039 135911552 26798441 -1791458590 -402676766 217753233 1395153617 983259302 -1545441236 -1155385182 453890014 -1564103238 -2053561016 942260626 -1321641998 3065676 -187430422 -480571651 1057593715 545466270 -1786750121 -669628953 1619887316 -309905318 1615258523 -1764945913 465911447 -891253373 -2090955922 424328828 -990803561 248526293 1923129836 373653935 757143760 3417549 937336409 789369830 315855390 1952154183 1653328557 916977785 -2007228640 1448925805 797132852 -720680549 361728692 888305051 42651134 1906250008 193955646 -1248977379 775772386 75869098 -1930384250 1323717066 -1616437595 -1638125278 -1335461406 -1921934693 1877945993 369917640 2130013533 -852667900 1011985496 -1262972824 1415880549 -333453018 -910913181 1417942825 -2078634101 -1173416931 -770974872 -297016418 -1981529996 -241121090 622246777 -686887515
